<?xml version="1.0"?>
<opencv_storage>
<sunglasses type_id="opencv-matrix">
  <rows>2</rows>
  <cols>12</cols>
  <dt>f</dt>
  <data>
    35. 90. 192. 270. 218. 45. 328. 391. 477. 550. 533. 395. 259. 207.
    197. 246. 372. 380. 247. 196. 197. 252. 389. 367.</data></sunglasses>
</opencv_storage>
