<?xml version="1.0"?>
<opencv_storage>
<sunglasses type_id="opencv-matrix">
  <rows>2</rows>
  <cols>12</cols>
  <dt>f</dt>
  <data>
    95. 166. 237. 306. 275. 141. 344. 413. 478. 540. 516. 387. 280. 234.
    229. 270. 346. 358. 270. 225. 216. 261. 329. 343.</data></sunglasses>
</opencv_storage>
