<?xml version="1.0"?>
<opencv_storage>
<sunglasses type_id="opencv-matrix">
  <rows>2</rows>
  <cols>12</cols>
  <dt>f</dt>
  <data>
    90. 158. 213. 260. 224. 107. 315. 379. 446. 510. 488. 357. 258. 209.
    215. 267. 332. 334. 266. 222. 222. 275. 359. 341.</data></sunglasses>
</opencv_storage>
