<?xml version="1.0"?>
<opencv_storage>
<sunglasses type_id="opencv-matrix">
  <rows>2</rows>
  <cols>12</cols>
  <dt>f</dt>
  <data>
    54. 122. 186. 262. 222. 80. 333. 412. 477. 545. 521. 376. 264. 227.
    234. 301. 378. 365. 300. 242. 237. 281. 375. 387.</data></sunglasses>
</opencv_storage>
