<?xml version="1.0"?>
<opencv_storage>
<sunglasses type_id="opencv-matrix">
  <rows>2</rows>
  <cols>12</cols>
  <dt>f</dt>
  <data>
    56. 113. 197. 260. 243. 94. 316. 375. 459. 526. 497. 357. 242. 201.
    198. 243. 334. 337. 245. 199. 195. 243. 340. 351.</data></sunglasses>
</opencv_storage>
