<?xml version="1.0"?>
<opencv_storage>
<sunglasses type_id="opencv-matrix">
  <rows>2</rows>
  <cols>12</cols>
  <dt>f</dt>
  <data>
    28. 89. 171. 255. 197. 39. 323. 385. 479. 547. 540. 384. 284. 216.
    202. 258. 346. 368. 263. 203. 211. 278. 367. 346.</data></sunglasses>
</opencv_storage>
