<?xml version="1.0"?>
<opencv_storage>
<sunglasses type_id="opencv-matrix">
  <rows>2</rows>
  <cols>12</cols>
  <dt>f</dt>
  <data>
    58. 125. 191. 259. 225. 89. 299. 367. 440. 502. 482. 354. 250. 203.
    202. 244. 323. 329. 242. 197. 195. 242. 323. 334.</data></sunglasses>
</opencv_storage>
