<?xml version="1.0"?>
<opencv_storage>
<sunglasses type_id="opencv-matrix">
  <rows>2</rows>
  <cols>12</cols>
  <dt>f</dt>
  <data>
    57. 127. 201. 267. 234. 84. 318. 386. 461. 526. 502. 369. 280. 242.
    242. 285. 372. 378. 286. 243. 237. 280. 372. 384.</data></sunglasses>
</opencv_storage>
