<?xml version="1.0"?>
<opencv_storage>
<sunglasses type_id="opencv-matrix">
  <rows>2</rows>
  <cols>12</cols>
  <dt>f</dt>
  <data>
    97. 148. 223. 283. 240. 104. 339. 408. 470. 535. 520. 393. 270. 221.
    220. 252. 339. 352. 257. 220. 222. 273. 362. 356.</data></sunglasses>
</opencv_storage>
