<?xml version="1.0"?>
<opencv_storage>
<sunglasses type_id="opencv-matrix">
  <rows>2</rows>
  <cols>12</cols>
  <dt>f</dt>
  <data>
    19. 89. 179. 257. 209. 64. 316. 397. 499. 570. 526. 392. 215. 207.
    224. 282. 359. 323. 278. 222. 204. 215. 318. 365.</data></sunglasses>
</opencv_storage>
