<?xml version="1.0"?>
<opencv_storage>
<sunglasses type_id="opencv-matrix">
  <rows>2</rows>
  <cols>12</cols>
  <dt>f</dt>
  <data>
    17. 107. 194. 258. 209. 60. 309. 380. 468. 550. 511. 366. 230. 205.
    220. 280. 359. 341. 281. 227. 215. 243. 342. 365.</data></sunglasses>
</opencv_storage>
