<?xml version="1.0"?>
<opencv_storage>
<sunglasses type_id="opencv-matrix">
  <rows>2</rows>
  <cols>12</cols>
  <dt>f</dt>
  <data>
    31. 93. 169. 256. 208. 44. 332. 385. 472. 557. 558. 408. 222. 169.
    161. 198. 316. 337. 197. 159. 156. 197. 309. 331.</data></sunglasses>
</opencv_storage>
