<?xml version="1.0"?>
<opencv_storage>
<sunglasses type_id="opencv-matrix">
  <rows>2</rows>
  <cols>12</cols>
  <dt>f</dt>
  <data>
    36. 122. 204. 268. 220. 64. 328. 397. 476. 560. 543. 388. 273. 222.
    232. 287. 377. 371. 288. 227. 216. 261. 352. 379.</data></sunglasses>
</opencv_storage>
