<?xml version="1.0"?>
<opencv_storage>
<sunglasses type_id="opencv-matrix">
  <rows>2</rows>
  <cols>12</cols>
  <dt>f</dt>
  <data>
    38. 114. 189. 263. 225. 52. 308. 372. 457. 531. 524. 357. 191. 150.
    156. 223. 306. 288. 219. 167. 152. 190. 288. 318.</data></sunglasses>
</opencv_storage>
