<?xml version="1.0"?>
<opencv_storage>
<sunglasses type_id="opencv-matrix">
  <rows>2</rows>
  <cols>12</cols>
  <dt>f</dt>
  <data>
    51. 126. 215. 256. 220. 96. 336. 403. 476. 543. 522. 378. 219. 173.
    180. 236. 308. 319. 236. 175. 175. 229. 303. 308.</data></sunglasses>
</opencv_storage>
