<?xml version="1.0"?>
<opencv_storage>
<sunglasses type_id="opencv-matrix">
  <rows>2</rows>
  <cols>12</cols>
  <dt>f</dt>
  <data>
    69. 127. 193. 253. 231. 102. 337. 399. 459. 521. 499. 366. 151. 107.
    106. 146. 236. 249. 144. 104. 105. 148. 238. 239.</data></sunglasses>
</opencv_storage>
