<?xml version="1.0"?>
<opencv_storage>
<sunglasses type_id="opencv-matrix">
  <rows>2</rows>
  <cols>12</cols>
  <dt>f</dt>
  <data>
    46. 113. 183. 248. 202. 78. 324. 389. 461. 532. 500. 378. 217. 203.
    211. 239. 311. 294. 240. 214. 206. 230. 295. 314.</data></sunglasses>
</opencv_storage>
