<?xml version="1.0"?>
<opencv_storage>
<sunglasses type_id="opencv-matrix">
  <rows>2</rows>
  <cols>12</cols>
  <dt>f</dt>
  <data>
    25. 98. 176. 261. 227. 64. 324. 412. 494. 565. 536. 368. 202. 197.
    212. 268. 344. 316. 267. 214. 201. 196. 313. 350.</data></sunglasses>
</opencv_storage>
