<?xml version="1.0"?>
<opencv_storage>
<sunglasses type_id="opencv-matrix">
  <rows>2</rows>
  <cols>12</cols>
  <dt>f</dt>
  <data>
    36. 107. 194. 277. 229. 41. 323. 405. 491. 550. 543. 385. 165. 100.
    89. 173. 256. 255. 168. 98. 115. 181. 263. 274.</data></sunglasses>
</opencv_storage>
