<?xml version="1.0"?>
<opencv_storage>
<sunglasses type_id="opencv-matrix">
  <rows>2</rows>
  <cols>12</cols>
  <dt>f</dt>
  <data>
    93. 145. 208. 260. 247. 113. 341. 398. 456. 511. 497. 365. 171. 133.
    131. 159. 248. 257. 167. 127. 130. 173. 248. 253.</data></sunglasses>
</opencv_storage>
