<?xml version="1.0"?>
<opencv_storage>
<sunglasses type_id="opencv-matrix">
  <rows>2</rows>
  <cols>12</cols>
  <dt>f</dt>
  <data>
    62. 131. 189. 240. 199. 92. 293. 356. 442. 514. 484. 357. 247. 202.
    212. 266. 342. 332. 274. 232. 237. 303. 379. 369.</data></sunglasses>
</opencv_storage>
