<?xml version="1.0"?>
<opencv_storage>
<sunglasses type_id="opencv-matrix">
  <rows>2</rows>
  <cols>12</cols>
  <dt>f</dt>
  <data>
    39. 121. 195. 267. 215. 64. 328. 395. 477. 555. 530. 384. 257. 207.
    216. 273. 362. 352. 270. 211. 201. 248. 344. 358.</data></sunglasses>
</opencv_storage>
