<?xml version="1.0"?>
<opencv_storage>
<sunglasses type_id="opencv-matrix">
  <rows>2</rows>
  <cols>12</cols>
  <dt>f</dt>
  <data>
    79. 129. 211. 278. 240. 97. 307. 364. 452. 500. 489. 344. 267. 211.
    208. 258. 335. 335. 257. 207. 208. 263. 331. 335.</data></sunglasses>
</opencv_storage>
