<?xml version="1.0"?>
<opencv_storage>
<sunglasses type_id="opencv-matrix">
  <rows>2</rows>
  <cols>12</cols>
  <dt>f</dt>
  <data>
    41. 109. 196. 263. 210. 69. 326. 398. 480. 555. 534. 385. 218. 166.
    171. 220. 325. 321. 215. 169. 167. 223. 314. 325.</data></sunglasses>
</opencv_storage>
