<?xml version="1.0"?>
<opencv_storage>
<sunglasses type_id="opencv-matrix">
  <rows>2</rows>
  <cols>12</cols>
  <dt>f</dt>
  <data>
    50. 119. 187. 262. 227. 84. 323. 404. 481. 543. 508. 366. 217. 180.
    180. 230. 334. 333. 232. 185. 185. 235. 331. 339.</data></sunglasses>
</opencv_storage>
