<?xml version="1.0"?>
<opencv_storage>
<sunglasses type_id="opencv-matrix">
  <rows>2</rows>
  <cols>12</cols>
  <dt>f</dt>
  <data>
    21. 95. 179. 257. 201. 56. 311. 380. 464. 545. 522. 357. 211. 176.
    178. 232. 349. 347. 234. 183. 176. 223. 339. 337.</data></sunglasses>
</opencv_storage>
