<?xml version="1.0"?>
<opencv_storage>
<sunglasses type_id="opencv-matrix">
  <rows>2</rows>
  <cols>12</cols>
  <dt>f</dt>
  <data>
    48. 126. 196. 277. 225. 105. 355. 422. 486. 549. 522. 406. 313. 277.
    279. 311. 392. 390. 305. 260. 239. 253. 328. 369.</data></sunglasses>
</opencv_storage>
