<?xml version="1.0"?>
<opencv_storage>
<sunglasses type_id="opencv-matrix">
  <rows>2</rows>
  <cols>12</cols>
  <dt>f</dt>
  <data>
    74. 132. 206. 267. 238. 97. 330. 387. 461. 515. 501. 367. 248. 204.
    199. 250. 340. 341. 251. 196. 192. 241. 331. 345.</data></sunglasses>
</opencv_storage>
