<?xml version="1.0"?>
<opencv_storage>
<sunglasses type_id="opencv-matrix">
  <rows>2</rows>
  <cols>12</cols>
  <dt>f</dt>
  <data>
    92. 163. 231. 300. 245. 118. 347. 411. 482. 541. 519. 396. 289. 234.
    235. 281. 380. 381. 278. 232. 228. 276. 370. 373.</data></sunglasses>
</opencv_storage>
