<?xml version="1.0"?>
<opencv_storage>
<sunglasses type_id="opencv-matrix">
  <rows>2</rows>
  <cols>12</cols>
  <dt>f</dt>
  <data>
    204. 233. 268. 296. 273. 221. 317. 345. 381. 407. 398. 341. 267.
    250. 251. 271. 314. 315. 269. 251. 250. 268. 312. 314.</data></sunglasses>
</opencv_storage>
