<?xml version="1.0"?>
<opencv_storage>
<sunglasses type_id="opencv-matrix">
  <rows>2</rows>
  <cols>12</cols>
  <dt>f</dt>
  <data>
    145. 199. 280. 336. 303. 169. 372. 426. 491. 552. 536. 423. 283.
    231. 224. 260. 340. 349. 250. 215. 211. 253. 325. 334.</data></sunglasses>
</opencv_storage>
