<?xml version="1.0"?>
<opencv_storage>
<sunglasses type_id="opencv-matrix">
  <rows>2</rows>
  <cols>12</cols>
  <dt>f</dt>
  <data>
    206. 235. 266. 296. 278. 217. 318. 352. 379. 408. 397. 335. 270.
    248. 245. 266. 312. 318. 265. 246. 249. 273. 316. 311.</data></sunglasses>
</opencv_storage>
