<?xml version="1.0"?>
<opencv_storage>
<sunglasses type_id="opencv-matrix">
  <rows>2</rows>
  <cols>12</cols>
  <dt>f</dt>
  <data>
    44. 99. 193. 253. 223. 92. 330. 389. 468. 538. 526. 368. 296. 241.
    240. 289. 383. 395. 277. 221. 205. 251. 354. 362.</data></sunglasses>
</opencv_storage>
