<?xml version="1.0"?>
<opencv_storage>
<sunglasses type_id="opencv-matrix">
  <rows>2</rows>
  <cols>12</cols>
  <dt>f</dt>
  <data>
    115. 178. 238. 288. 260. 146. 323. 367. 435. 499. 477. 367. 278.
    235. 245. 298. 361. 360. 297. 247. 234. 285. 354. 366.</data></sunglasses>
</opencv_storage>
