<?xml version="1.0"?>
<opencv_storage>
<sunglasses type_id="opencv-matrix">
  <rows>2</rows>
  <cols>12</cols>
  <dt>f</dt>
  <data>
    33. 99. 185. 268. 227. 87. 330. 410. 505. 565. 530. 376. 268. 248.
    265. 323. 398. 377. 323. 267. 250. 262. 362. 399.</data></sunglasses>
</opencv_storage>
