<?xml version="1.0"?>
<opencv_storage>
<sunglasses type_id="opencv-matrix">
  <rows>2</rows>
  <cols>12</cols>
  <dt>f</dt>
  <data>
    37. 67. 145. 204. 178. 69. 252. 323. 413. 502. 466. 324. 265. 233.
    233. 276. 388. 360. 276. 227. 222. 267. 392. 401.</data></sunglasses>
</opencv_storage>
