<?xml version="1.0"?>
<opencv_storage>
<sunglasses type_id="opencv-matrix">
  <rows>2</rows>
  <cols>12</cols>
  <dt>f</dt>
  <data>
    202. 234. 265. 294. 280. 223. 320. 350. 383. 412. 398. 340. 279.
    277. 281. 302. 329. 322. 302. 282. 277. 280. 318. 330.</data></sunglasses>
</opencv_storage>
