<?xml version="1.0"?>
<opencv_storage>
<sunglasses type_id="opencv-matrix">
  <rows>2</rows>
  <cols>12</cols>
  <dt>f</dt>
  <data>
    212. 240. 275. 302. 288. 225. 318. 344. 380. 408. 399. 338. 275.
    249. 248. 271. 304. 312. 269. 249. 249. 275. 310. 312.</data></sunglasses>
</opencv_storage>
