<?xml version="1.0"?>
<opencv_storage>
<sunglasses type_id="opencv-matrix">
  <rows>2</rows>
  <cols>12</cols>
  <dt>f</dt>
  <data>
    61. 149. 218. 281. 237. 73. 357. 430. 494. 542. 527. 394. 267. 195.
    194. 268. 373. 372. 263. 201. 202. 268. 359. 372.</data></sunglasses>
</opencv_storage>
