<?xml version="1.0"?>
<opencv_storage>
<sunglasses type_id="opencv-matrix">
  <rows>2</rows>
  <cols>12</cols>
  <dt>f</dt>
  <data>
    51. 110. 197. 258. 231. 74. 325. 378. 460. 526. 519. 367. 263. 212.
    214. 267. 366. 365. 270. 214. 206. 253. 345. 370.</data></sunglasses>
</opencv_storage>
