<?xml version="1.0"?>
<opencv_storage>
<sunglasses type_id="opencv-matrix">
  <rows>2</rows>
  <cols>12</cols>
  <dt>f</dt>
  <data>
    212. 242. 276. 302. 288. 233. 317. 343. 372. 401. 388. 337. 276.
    257. 257. 270. 307. 313. 270. 256. 251. 266. 302. 306.</data></sunglasses>
</opencv_storage>
