<?xml version="1.0"?>
<opencv_storage>
<sunglasses type_id="opencv-matrix">
  <rows>2</rows>
  <cols>12</cols>
  <dt>f</dt>
  <data>
    58. 115. 184. 243. 212. 90. 299. 353. 454. 527. 504. 372. 283. 231.
    234. 287. 366. 366. 288. 240. 236. 295. 378. 382.</data></sunglasses>
</opencv_storage>
