<?xml version="1.0"?>
<opencv_storage>
<sunglasses type_id="opencv-matrix">
  <rows>2</rows>
  <cols>12</cols>
  <dt>f</dt>
  <data>
    81. 152. 222. 273. 244. 105. 328. 382. 450. 514. 497. 369. 253. 209.
    220. 258. 336. 342. 263. 224. 214. 255. 339. 354.</data></sunglasses>
</opencv_storage>
