<?xml version="1.0"?>
<opencv_storage>
<sunglasses type_id="opencv-matrix">
  <rows>2</rows>
  <cols>12</cols>
  <dt>f</dt>
  <data>
    52. 117. 232. 315. 261. 112. 356. 430. 515. 562. 526. 390. 265. 206.
    207. 271. 370. 380. 276. 207. 206. 281. 362. 367.</data></sunglasses>
</opencv_storage>
