<?xml version="1.0"?>
<opencv_storage>
<sunglasses type_id="opencv-matrix">
  <rows>2</rows>
  <cols>12</cols>
  <dt>f</dt>
  <data>
    75. 108. 197. 269. 256. 121. 319. 362. 478. 545. 524. 402. 331. 257.
    232. 276. 364. 412. 260. 178. 150. 215. 309. 337.</data></sunglasses>
</opencv_storage>
