<?xml version="1.0"?>
<opencv_storage>
<sunglasses type_id="opencv-matrix">
  <rows>2</rows>
  <cols>12</cols>
  <dt>f</dt>
  <data>
    11. 87. 180. 271. 222. 42. 342. 424. 502. 581. 555. 383. 274. 186.
    190. 264. 388. 394. 266. 187. 177. 266. 371. 377.</data></sunglasses>
</opencv_storage>
