<?xml version="1.0"?>
<opencv_storage>
<sunglasses type_id="opencv-matrix">
  <rows>2</rows>
  <cols>12</cols>
  <dt>f</dt>
  <data>
    39. 100. 192. 258. 229. 54. 326. 392. 469. 544. 532. 377. 237. 190.
    187. 237. 330. 339. 242. 187. 188. 241. 341. 351.</data></sunglasses>
</opencv_storage>
