<?xml version="1.0"?>
<opencv_storage>
<sunglasses type_id="opencv-matrix">
  <rows>2</rows>
  <cols>12</cols>
  <dt>f</dt>
  <data>
    69. 145. 239. 291. 255. 115. 339. 387. 492. 548. 512. 390. 253. 195.
    196. 260. 339. 337. 258. 199. 196. 256. 338. 354.</data></sunglasses>
</opencv_storage>
