<?xml version="1.0"?>
<opencv_storage>
<sunglasses type_id="opencv-matrix">
  <rows>2</rows>
  <cols>12</cols>
  <dt>f</dt>
  <data>
    86. 142. 213. 266. 237. 102. 300. 357. 420. 481. 467. 344. 296. 248.
    253. 316. 380. 367. 316. 258. 251. 302. 372. 395.</data></sunglasses>
</opencv_storage>
