<?xml version="1.0"?>
<opencv_storage>
<sunglasses type_id="opencv-matrix">
  <rows>2</rows>
  <cols>12</cols>
  <dt>f</dt>
  <data>
    74. 151. 219. 278. 242. 102. 332. 401. 462. 527. 512. 373. 253. 215.
    217. 262. 351. 346. 259. 214. 210. 253. 332. 349.</data></sunglasses>
</opencv_storage>
